[AVSGPIB]
Set point=0
Gain=0
Integral=0
Deriv=0
Range=0
Bias=0
GPIBAddress=20
PicoAddress=3
PicoDelay=30
AVS1Set point=12
AVS1Gain=1
AVS1Integral=9
AVS1Deriv=4
AVS1Range=3
AVS1Bias=3
AVS1GPIBAddress=20
AVS1PicoAddress=1
AVS1PicoDelay=30

[AVSPicobus]
CmdString=000010000000011100001010011011111111111101010000
SetPoint=12
Gain=1
Integral=9
Deriv=4
Range=3
Bias=5
Com=1
Address=1
Delay=4000
Slot=0
Width=8
InPort=0
InCTS=0
InDSR=0
OutPort=0
OutDTR=0
OutRTS=0
AVS1CmdString=000000000000000000000000000000000000000000000000
AVS1SetPoint=12
AVS1Gain=1
AVS1Integral=0
AVS1Deriv=0
AVS1Range=0
AVS1Bias=5
AVS1Com=0
AVS1Address=0
AVS1Delay=0
AVS1Slot=0
AVS1Width=4
AVS1InPort=0
AVS1InCTS=1
AVS1InDSR=0
AVS1OutPort=1
AVS1OutDTR=0
AVS1OutRTS=1
IPCCom=2
IPCISOBUS=3
IPCGPIB=24
Serial-GPIB=0
IPCCommunication=1
AVS1Serial-GPIB=1
AVS2CmdString=000000000000000000000000000000000000000000000000
AVS2SetPoint=12
AVS2Gain=1
AVS2Integral=0
AVS2Deriv=0
AVS2Range=0
AVS2Bias=5
AVS2Serial-GPIB=0
AVS2Com=0
AVS2Address=0
AVS2Delay=0
AVS2Slot=0
AVS2Width=0
AVS2InPort=0
AVS2InCTS=0
AVS2InDSR=0
AVS2OutPort=0
AVS2OutDTR=0
AVS2OutRTS=0
PicoType=1
AVS1PicoType=1
AVS2PicoType=2

[Kelvinox]
TLM=F
Roots=0
IVCSorb=T
AVS=T
Variox=F
SorbPump=30.000000
CircPStill=0.000000
CircColdTrap2=F
CircMC2=F
CircQuenchG2=F
CircQuenchLimit=110.000000
CircInterval=40.000000
CircIncrement=0.020000
CircMax=14.000000
CircInitial=10.000000
CircTarget=110.000000
CircStability=5.000000
CircLimit=100.000000
CircOvershoot=100.000000
CircPeriod=10.000000
CondSingleLine=F
CondPShutOff=350.000000
CondLimitMixture=F
CondInterval=60.000000
CondIncrement=0.100000
CondMax=14.000000
CondInitial=10.000000
CondTarget=200.000000
CondStability=5.000000
CondLimit=80.000000
CondOvershoot=100.000000
CondPeriod=5.000000
WarmP1(lim)=0.002000
WarmP(Still)=25.000000
WarmP(MC)=19.900000
Warmt(pump)=10.000000
Warmt(Flush)=4.000000
WarmPumpFlush=T
WarmInterval=5.000000
WarmIncrement=0.100000
WarmMax=14.000000
WarmInitial=10.000000
WarmTarget=731.000000
WarmStability=10.000000
WarmLimit=730.000000
WarmOvershoot=20.000000
WarmPeriod=10.000000
PotFillTime=90.000000
PotContFill1=110.000000
PotContFill2=120.000000
PotStability=5.000000
PotPeriod=30.000000
PotPEmpty=1.000000
PotTEmpty=3.000000
PotMonEnable=T
PotMonPeriod=5.000000
PotMonAdjust=0.500000
PotMonDelay=30.000000
PotMonTopLoad=0.100000
PotMonTAdjust=3.000000
PotInterval=30.000000
PotIncrement=1.000000
PotMax=50.000000
PotInitial=17.500000
QuenchMon=T
SorbHotT=40.000000
CircOVPMP=0.000000
WarmColdTrap2?=T
WarmColdTrap2?=T
WarmColdTrap2=T
WarmUseSorb=F

[TS530PID's]
Number=2
PID0R>=10000.000000
PID0Gain=1
PID0Ti=0
PID0Td=5
PID0IDR=2
PID1R>=500.000000
PID1Gain=4
PID1Ti=0
PID1Td=0
PID1IDR=3













[AVSArray]
Number=1















