[Heliox]
He3PotHiITC=0
He3PotHiICh=3
He3PotLoITC=0
He3PotLoICh=2
1KPotITC=-1
1KPotICh=0
SorbITC=0
SorbCh=1
SensorLoMax=6.500000
NV1KPotITC=0
NVSorbITC=0
NV1KRunLo=1.100000
NVSorbRunLo=3.100000
NV1KRunHi=2.100000
NVSorbRunHi=4.100000
THe3=1.600000
MaxHlxT=100.000000
HiTSorbT=1.600000
Auto=F
ControlSorbHiT=F
FinishT=1.200000
FinalT=1.200000
TSorb=35.000000
TError=0.000000
TPotThreshold=2.000000
TSorbThreshold=10.000000
TSorbOn=F
TPotOn=T
TErrorOn=F
TimeOutOn=T
DeadTime=3600.000000
TimeOut=1800.000000
TSorbFinal=30.000000
Condense1KNV=5.100000
CondenseFinal1KNV=6.100000
CondenseFastCoolNV=99.000000
CondenseWait=20.000000
CondenseP=40.000000
CondenseI=5.000000
CondenseD=0.000000












































