[ISS]
Com=1
ISOBUS=7
GPIB=26
Communication=1

[ShimTable]
Number of Entries=2
Entry0Field=1.000000
Entry0Z0=2.000000
Entry0Z1=3.000000
Entry0Z2=4.000000
Entry0Z3=5.000000
Entry0X=6.000000
Entry0Y=7.000000
Entry0ZX=8.000000
Entry0ZY=9.000000
Entry0C2=10.000000
Entry0S2=11.000000
Entry1Field=12.000000
Entry1Z0=13.000000
Entry1Z1=14.000000
Entry1Z2=15.000000
Entry1Z3=16.000000
Entry1X=17.000000
Entry1Y=18.000000
Entry1ZX=19.000000
Entry1ZY=20.000000
Entry1C2=21.000000
Entry1S2=22.000000

